Platform 0 : Advanced Micro Devices, Inc.

2000 : 2000 Iterations: 1000
0
number of platformes found: 1 
number of Devices found: 3

List of Devices found:

GPUs found:

NAME: Tahiti 
Max Clock Frequency: 900 
Parallel compute units: 28 
Hardware version: OpenCL 1.2 AMD-APP (1124.2) 
CL Driver version: 1124.2 (VM)

NAME: Tahiti 
Max Clock Frequency: 900 
Parallel compute units: 28 
Hardware version: OpenCL 1.2 AMD-APP (1124.2) 
CL Driver version: 1124.2 (VM)

CPUs found:

NAME: Intel(R) Xeon(R) CPU E5-2670 0 @ 2.60GHz 
Max Clock Frequency: 2601 
Parallel compute units: 32 
Hardware version: OpenCL 1.2 AMD-APP (1124.2) 
CL Driver version: 1124.2 (sse2,avx)

Total list (correct order):
0: Tahiti 
1: Tahiti 
2: Intel(R) Xeon(R) CPU E5-2670 0 @ 2.60GHz 
99: Stupid CPU Implementation

Witch Device should be used?
0
you selected device number: 0
Building Programm Sucsessfull
kernel Arguments are set; starting kernel now!
0.0174202 	 2.2916e+08
0.00212305 	 1.88032e+09
0.00212085 	 1.88227e+09
0.002125 	 1.87859e+09
0.00211816 	 1.88465e+09
0.00211597 	 1.88661e+09
0.00210791 	 1.89382e+09
0.00213403 	 1.87064e+09
0.00211108 	 1.89097e+09
0.00211401 	 1.88835e+09
0.00210083 	 1.9002e+09
0.00274219 	 1.45577e+09
0.000984863 	 4.05336e+09
0.000996094 	 4.00766e+09
0.00098291 	 4.06141e+09
0.00100708 	 3.96394e+09
0.000984863 	 4.05336e+09
0.00098999 	 4.03237e+09
0.000963135 	 4.1448e+09
0.000987793 	 4.04134e+09
0.000994873 	 4.01258e+09
0.00101807 	 3.92116e+09
0.000981201 	 4.06849e+09
0.00099292 	 4.02047e+09
0.000982178 	 4.06444e+09
0.001 	 3.992e+09
0.000971924 	 4.10732e+09
0.000930176 	 4.29167e+09
0.000631836 	 6.3181e+09
0.00063208 	 6.31566e+09
0.000631104 	 6.32543e+09
0.000633057 	 6.30592e+09
0.000635986 	 6.27687e+09
0.000631104 	 6.32543e+09
0.000630127 	 6.33524e+09
0.000631836 	 6.3181e+09
0.00063916 	 6.2457e+09
0.000636963 	 6.26725e+09
0.000630859 	 6.32788e+09
0.000635986 	 6.27687e+09
0.00063916 	 6.2457e+09
0.000631836 	 6.3181e+09
0.000630127 	 6.33524e+09
0.000628906 	 6.34753e+09
0.00062793 	 6.35741e+09
0.000630127 	 6.33524e+09
0.000626221 	 6.37476e+09
0.00062915 	 6.34507e+09
0.000641846 	 6.21957e+09
0.00063208 	 6.31566e+09
0.000639893 	 6.23855e+09
0.000637207 	 6.26485e+09
0.000633789 	 6.29863e+09
0.000635986 	 6.27687e+09
0.000633057 	 6.30592e+09
0.000638916 	 6.24809e+09
0.00063208 	 6.31566e+09
0.000634033 	 6.29621e+09
0.000629883 	 6.33769e+09
0.000634033 	 6.29621e+09
0.000631104 	 6.32543e+09
0.000618164 	 6.45784e+09
0.000630859 	 6.32788e+09
0.000636963 	 6.26725e+09
0.000633057 	 6.30592e+09
0.00063208 	 6.31566e+09
0.000628906 	 6.34753e+09
0.000640869 	 6.22905e+09
0.000631104 	 6.32543e+09
0.000634033 	 6.29621e+09
0.000628906 	 6.34753e+09
0.000634033 	 6.29621e+09
0.000630859 	 6.32788e+09
0.000631104 	 6.32543e+09
0.000641846 	 6.21957e+09
0.000633057 	 6.30592e+09
0.00063208 	 6.31566e+09
0.000636963 	 6.26725e+09
0.000634033 	 6.29621e+09
0.00064209 	 6.2172e+09
0.000636963 	 6.26725e+09
0.00063208 	 6.31566e+09
0.000638916 	 6.24809e+09
0.00063208 	 6.31566e+09
0.000631836 	 6.3181e+09
0.000631104 	 6.32543e+09
0.00063501 	 6.28652e+09
0.000628174 	 6.35494e+09
0.000631836 	 6.3181e+09
0.00062915 	 6.34507e+09
0.000638916 	 6.24809e+09
0.000629883 	 6.33769e+09
0.000630127 	 6.33524e+09
0.000626953 	 6.36731e+09
0.000629883 	 6.33769e+09
0.000628174 	 6.35494e+09
0.000629883 	 6.33769e+09
0.00063208 	 6.31566e+09
0.00063623 	 6.27446e+09
0.000630127 	 6.33524e+09
0.000626953 	 6.36731e+09
0.000633057 	 6.30592e+09
0.00062793 	 6.35741e+09
0.000628906 	 6.34753e+09
0.00063208 	 6.31566e+09
0.00063208 	 6.31566e+09
0.00063501 	 6.28652e+09
0.00062915 	 6.34507e+09
0.000628906 	 6.34753e+09
0.00063501 	 6.28652e+09
0.000626953 	 6.36731e+09
0.000628906 	 6.34753e+09
0.000633057 	 6.30592e+09
0.00062793 	 6.35741e+09
0.000635986 	 6.27687e+09
0.000626953 	 6.36731e+09
0.000619141 	 6.44765e+09
0.000633057 	 6.30592e+09
0.00062915 	 6.34507e+09
0.00062793 	 6.35741e+09
0.000638916 	 6.24809e+09
0.00062915 	 6.34507e+09
0.00062793 	 6.35741e+09
0.000629883 	 6.33769e+09
0.00063208 	 6.31566e+09
0.000634033 	 6.29621e+09
0.00063501 	 6.28652e+09
0.000631836 	 6.3181e+09
0.000685059 	 5.82724e+09
0.00063208 	 6.31566e+09
0.000626953 	 6.36731e+09
0.00062793 	 6.35741e+09
0.00062793 	 6.35741e+09
0.00062793 	 6.35741e+09
0.000625977 	 6.37724e+09
0.000628174 	 6.35494e+09
0.000631104 	 6.32543e+09
0.000625977 	 6.37724e+09
0.000626953 	 6.36731e+09
0.000625977 	 6.37724e+09
0.000631104 	 6.32543e+09
0.000631836 	 6.3181e+09
0.00062915 	 6.34507e+09
0.000629883 	 6.33769e+09
0.00062793 	 6.35741e+09
0.000631104 	 6.32543e+09
0.000625977 	 6.37724e+09
0.000626953 	 6.36731e+09
0.00062793 	 6.35741e+09
0.00062793 	 6.35741e+09
0.000625 	 6.38721e+09
0.000626953 	 6.36731e+09
0.000630127 	 6.33524e+09
0.00062793 	 6.35741e+09
0.000628906 	 6.34753e+09
0.000630127 	 6.33524e+09
0.000635986 	 6.27687e+09
0.00062793 	 6.35741e+09
0.00062793 	 6.35741e+09
0.000628906 	 6.34753e+09
0.00063208 	 6.31566e+09
0.000634033 	 6.29621e+09
0.000626953 	 6.36731e+09
0.000625977 	 6.37724e+09
0.000626953 	 6.36731e+09
0.00062793 	 6.35741e+09
0.000625977 	 6.37724e+09
0.000626953 	 6.36731e+09
0.000633057 	 6.30592e+09
0.000626953 	 6.36731e+09
0.000625977 	 6.37724e+09
0.000625977 	 6.37724e+09
0.000626953 	 6.36731e+09
0.000626953 	 6.36731e+09
0.000627197 	 6.36483e+09
0.000626953 	 6.36731e+09
0.000628906 	 6.34753e+09
0.000626953 	 6.36731e+09
0.000626953 	 6.36731e+09
0.000630127 	 6.33524e+09
0.000625977 	 6.37724e+09
0.000626953 	 6.36731e+09
0.000625977 	 6.37724e+09
0.000634033 	 6.29621e+09
0.000628906 	 6.34753e+09
0.000625977 	 6.37724e+09
0.000626953 	 6.36731e+09
0.000625977 	 6.37724e+09
0.000633057 	 6.30592e+09
0.000626953 	 6.36731e+09
0.000625 	 6.38721e+09
0.000630127 	 6.33524e+09
0.00063501 	 6.28652e+09
0.000625977 	 6.37724e+09
0.000625 	 6.38721e+09
0.000625977 	 6.37724e+09
0.000625 	 6.38721e+09
0.000626953 	 6.36731e+09
0.00062793 	 6.35741e+09
0.000628174 	 6.35494e+09
0.000626953 	 6.36731e+09
0.000626953 	 6.36731e+09
0.000625977 	 6.37724e+09
0.00063208 	 6.31566e+09
0.000638916 	 6.24809e+09
0.000628906 	 6.34753e+09
0.00063208 	 6.31566e+09
0.000630859 	 6.32788e+09
0.000630127 	 6.33524e+09
0.000631104 	 6.32543e+09
0.000628906 	 6.34753e+09
0.00062793 	 6.35741e+09
0.000627197 	 6.36483e+09
0.000626953 	 6.36731e+09
0.000625977 	 6.37724e+09
0.00062793 	 6.35741e+09
0.000629883 	 6.33769e+09
0.00063916 	 6.2457e+09
0.000626953 	 6.36731e+09
0.000626953 	 6.36731e+09
0.000625977 	 6.37724e+09
0.000625977 	 6.37724e+09
0.00062793 	 6.35741e+09
0.00062793 	 6.35741e+09
0.000630127 	 6.33524e+09
0.000628906 	 6.34753e+09
0.000625977 	 6.37724e+09
0.00062915 	 6.34507e+09
0.000612793 	 6.51444e+09
0.000627197 	 6.36483e+09
0.000630859 	 6.32788e+09
0.00062793 	 6.35741e+09
0.00062915 	 6.34507e+09
0.00062793 	 6.35741e+09
0.000635986 	 6.27687e+09
0.000626953 	 6.36731e+09
0.000630127 	 6.33524e+09
0.000631104 	 6.32543e+09
0.000631104 	 6.32543e+09
0.000628174 	 6.35494e+09
0.000632813 	 6.30835e+09
0.000625977 	 6.37724e+09
0.00063208 	 6.31566e+09
0.00062793 	 6.35741e+09
0.000625977 	 6.37724e+09
0.000630127 	 6.33524e+09
0.000625 	 6.38721e+09
0.000625977 	 6.37724e+09
0.000631836 	 6.3181e+09
0.000627197 	 6.36483e+09
0.000627197 	 6.36483e+09
0.000628906 	 6.34753e+09
0.000625977 	 6.37724e+09
0.00062793 	 6.35741e+09
0.000626953 	 6.36731e+09
0.00062915 	 6.34507e+09
0.000683838 	 5.83765e+09
0.000631104 	 6.32543e+09
0.00062793 	 6.35741e+09
0.000635986 	 6.27687e+09
0.000631104 	 6.32543e+09
0.000630859 	 6.32788e+09
0.00062793 	 6.35741e+09
0.00062915 	 6.34507e+09
0.000638916 	 6.24809e+09
0.000629883 	 6.33769e+09
0.00062793 	 6.35741e+09
0.000640137 	 6.23617e+09
0.000628906 	 6.34753e+09
0.000636963 	 6.26725e+09
0.000628174 	 6.35494e+09
0.000630127 	 6.33524e+09
0.00063501 	 6.28652e+09
0.000628906 	 6.34753e+09
0.000635986 	 6.27687e+09
0.000633057 	 6.30592e+09
0.000629883 	 6.33769e+09
0.000634033 	 6.29621e+09
0.00063208 	 6.31566e+09
0.000630127 	 6.33524e+09
0.000634033 	 6.29621e+09
0.000629883 	 6.33769e+09
0.000630127 	 6.33524e+09
0.000630127 	 6.33524e+09
0.000634033 	 6.29621e+09
0.000635986 	 6.27687e+09
0.00063916 	 6.2457e+09
0.000628906 	 6.34753e+09
0.000631104 	 6.32543e+09
0.000629883 	 6.33769e+09
0.000628906 	 6.34753e+09
0.000634033 	 6.29621e+09
0.000631104 	 6.32543e+09
0.000632813 	 6.30835e+09
0.00062915 	 6.34507e+09
0.000628906 	 6.34753e+09
0.000628906 	 6.34753e+09
0.000631104 	 6.32543e+09
0.000634033 	 6.29621e+09
0.000629883 	 6.33769e+09
0.000628906 	 6.34753e+09
0.000628174 	 6.35494e+09
0.00062793 	 6.35741e+09
0.000629883 	 6.33769e+09
0.000633057 	 6.30592e+09
0.000633057 	 6.30592e+09
0.000628906 	 6.34753e+09
0.000633057 	 6.30592e+09
0.000629883 	 6.33769e+09
0.000630127 	 6.33524e+09
0.00062915 	 6.34507e+09
0.000634033 	 6.29621e+09
0.000632813 	 6.30835e+09
0.00063208 	 6.31566e+09
0.000628906 	 6.34753e+09
0.000630127 	 6.33524e+09
0.000628906 	 6.34753e+09
0.000629883 	 6.33769e+09
0.00063501 	 6.28652e+09
0.00063208 	 6.31566e+09
0.000634033 	 6.29621e+09
0.000630859 	 6.32788e+09
0.000630127 	 6.33524e+09
0.000632813 	 6.30835e+09
0.000630127 	 6.33524e+09
0.000630859 	 6.32788e+09
0.00062915 	 6.34507e+09
0.000631836 	 6.3181e+09
0.000633057 	 6.30592e+09
0.000631104 	 6.32543e+09
0.000630127 	 6.33524e+09
0.000640869 	 6.22905e+09
0.00062915 	 6.34507e+09
0.00062793 	 6.35741e+09
0.000637939 	 6.25765e+09
0.000630127 	 6.33524e+09
0.000632813 	 6.30835e+09
0.000630127 	 6.33524e+09
0.000629883 	 6.33769e+09
0.000630127 	 6.33524e+09
0.000630859 	 6.32788e+09
0.00062793 	 6.35741e+09
0.000630127 	 6.33524e+09
0.000636963 	 6.26725e+09
0.000632813 	 6.30835e+09
0.00062915 	 6.34507e+09
0.000630859 	 6.32788e+09
0.000630127 	 6.33524e+09
0.000630859 	 6.32788e+09
0.00063208 	 6.31566e+09
0.000629883 	 6.33769e+09
0.00063208 	 6.31566e+09
0.00063501 	 6.28652e+09
0.000631104 	 6.32543e+09
0.000631104 	 6.32543e+09
0.00062915 	 6.34507e+09
0.000629883 	 6.33769e+09
0.000628174 	 6.35494e+09
0.000627197 	 6.36483e+09
0.00062793 	 6.35741e+09
0.000635986 	 6.27687e+09
0.00063208 	 6.31566e+09
0.000630859 	 6.32788e+09
0.000631104 	 6.32543e+09
0.000630859 	 6.32788e+09
0.000631104 	 6.32543e+09
0.000630127 	 6.33524e+09
0.000629883 	 6.33769e+09
0.000640137 	 6.23617e+09
0.000629883 	 6.33769e+09
0.00062915 	 6.34507e+09
0.00062915 	 6.34507e+09
0.000631836 	 6.3181e+09
0.00063208 	 6.31566e+09
0.00063208 	 6.31566e+09
0.000629883 	 6.33769e+09
0.000633057 	 6.30592e+09
0.000629883 	 6.33769e+09
0.000630127 	 6.33524e+09
0.000636963 	 6.26725e+09
0.000629883 	 6.33769e+09
0.000626953 	 6.36731e+09
0.000625 	 6.38721e+09
0.00062793 	 6.35741e+09
0.000686035 	 5.81895e+09
0.000649902 	 6.14247e+09
0.000634033 	 6.29621e+09
0.00063208 	 6.31566e+09
0.000629883 	 6.33769e+09
0.000631104 	 6.32543e+09
0.000630859 	 6.32788e+09
0.000631104 	 6.32543e+09
0.00063501 	 6.28652e+09
0.00063501 	 6.28652e+09
0.000630127 	 6.33524e+09
0.000628906 	 6.34753e+09
0.000633057 	 6.30592e+09
0.000629883 	 6.33769e+09
0.00063208 	 6.31566e+09
0.000628906 	 6.34753e+09
0.000641846 	 6.21957e+09
0.000630127 	 6.33524e+09
0.00062793 	 6.35741e+09
0.00062915 	 6.34507e+09
0.000630127 	 6.33524e+09
0.00063208 	 6.31566e+09
0.000630127 	 6.33524e+09
0.000638916 	 6.24809e+09
0.000633057 	 6.30592e+09
0.00063208 	 6.31566e+09
0.000629883 	 6.33769e+09
0.00063208 	 6.31566e+09
0.000631836 	 6.3181e+09
0.000633057 	 6.30592e+09
0.00063208 	 6.31566e+09
0.000633057 	 6.30592e+09
0.000634033 	 6.29621e+09
0.00063208 	 6.31566e+09
0.000631836 	 6.3181e+09
0.000631104 	 6.32543e+09
0.000631836 	 6.3181e+09
0.00063208 	 6.31566e+09
0.000628906 	 6.34753e+09
0.000634033 	 6.29621e+09
0.00063501 	 6.28652e+09
0.000628906 	 6.34753e+09
0.000631104 	 6.32543e+09
0.000629883 	 6.33769e+09
0.000771973 	 5.17117e+09
0.000624023 	 6.3972e+09
0.000624023 	 6.3972e+09
0.000622803 	 6.40974e+09
0.000628174 	 6.35494e+09
0.000628906 	 6.34753e+09
0.000630859 	 6.32788e+09
0.000627197 	 6.36483e+09
0.000625977 	 6.37724e+09
0.000627197 	 6.36483e+09
0.000625977 	 6.37724e+09
0.000630859 	 6.32788e+09
0.00063208 	 6.31566e+09
0.000629883 	 6.33769e+09
0.000630127 	 6.33524e+09
0.000626953 	 6.36731e+09
0.000626953 	 6.36731e+09
0.000626953 	 6.36731e+09
0.000628906 	 6.34753e+09
0.00062793 	 6.35741e+09
0.00063501 	 6.28652e+09
0.000626953 	 6.36731e+09
0.000624023 	 6.3972e+09
0.000626953 	 6.36731e+09
0.000626953 	 6.36731e+09
0.000625977 	 6.37724e+09
0.000638184 	 6.25526e+09
0.000628906 	 6.34753e+09
0.000633057 	 6.30592e+09
0.000625977 	 6.37724e+09
0.000626953 	 6.36731e+09
0.000628906 	 6.34753e+09
0.000626953 	 6.36731e+09
0.00062915 	 6.34507e+09
0.000628174 	 6.35494e+09
0.000625977 	 6.37724e+09
0.000630859 	 6.32788e+09
0.000626953 	 6.36731e+09
0.000643066 	 6.20776e+09
0.000755127 	 5.28653e+09
0.000648193 	 6.15866e+09
0.000647949 	 6.16098e+09
0.000645996 	 6.17961e+09
0.000646973 	 6.17028e+09
0.000637939 	 6.25765e+09
0.000693115 	 5.75951e+09
0.00064502 	 6.18897e+09
0.000644043 	 6.19835e+09
0.000625977 	 6.37724e+09
0.000703857 	 5.67161e+09
0.000640869 	 6.22905e+09
0.000614014 	 6.50149e+09
0.00061084 	 6.53527e+09
0.00061084 	 6.53527e+09
0.000612793 	 6.51444e+09
0.000608887 	 6.55623e+09
0.00060791 	 6.56677e+09
0.000604004 	 6.60924e+09
0.000595947 	 6.69859e+09
0.000598145 	 6.67398e+09
0.000602051 	 6.63068e+09
0.000596924 	 6.68763e+09
0.000599854 	 6.65496e+09
0.000598877 	 6.66582e+09
0.000598145 	 6.67398e+09
0.000597168 	 6.68489e+09
0.000596924 	 6.68763e+09
0.000600098 	 6.65226e+09
0.000599121 	 6.6631e+09
0.000595947 	 6.69859e+09
0.000594971 	 6.70958e+09
0.000596924 	 6.68763e+09
0.000595947 	 6.69859e+09
0.000601074 	 6.64145e+09
0.000597168 	 6.68489e+09
0.000596924 	 6.68763e+09
0.000599854 	 6.65496e+09
0.000598145 	 6.67398e+09
0.000596924 	 6.68763e+09
0.000596924 	 6.68763e+09
0.000594971 	 6.70958e+09
0.000595947 	 6.69859e+09
0.000603027 	 6.61994e+09
0.000596924 	 6.68763e+09
0.000651123 	 6.13095e+09
0.000595947 	 6.69859e+09
0.000599854 	 6.65496e+09
0.000594971 	 6.70958e+09
0.000596924 	 6.68763e+09
0.000595947 	 6.69859e+09
0.000600098 	 6.65226e+09
0.000597168 	 6.68489e+09
0.000603027 	 6.61994e+09
0.000595947 	 6.69859e+09
0.000596924 	 6.68763e+09
0.000595947 	 6.69859e+09
0.000598877 	 6.66582e+09
0.000596924 	 6.68763e+09
0.000598145 	 6.67398e+09
0.000596924 	 6.68763e+09
0.000604004 	 6.60924e+09
0.000595947 	 6.69859e+09
0.000596191 	 6.69584e+09
0.000600098 	 6.65226e+09
0.0005979 	 6.6767e+09
0.000596924 	 6.68763e+09
0.000594971 	 6.70958e+09
0.000596924 	 6.68763e+09
0.000603027 	 6.61994e+09
0.00060083 	 6.64415e+09
0.000596924 	 6.68763e+09
0.000597168 	 6.68489e+09
0.000595947 	 6.69859e+09
0.000594971 	 6.70958e+09
0.000595947 	 6.69859e+09
0.000596924 	 6.68763e+09
0.000600098 	 6.65226e+09
0.000601074 	 6.64145e+09
0.000598145 	 6.67398e+09
0.0005979 	 6.6767e+09
0.000601807 	 6.63337e+09
0.000596924 	 6.68763e+09
0.000597168 	 6.68489e+09
0.000600098 	 6.65226e+09
0.000600098 	 6.65226e+09
0.0005979 	 6.6767e+09
0.000596924 	 6.68763e+09
0.000597168 	 6.68489e+09
0.000596924 	 6.68763e+09
0.000596924 	 6.68763e+09
0.000607178 	 6.57469e+09
0.000601074 	 6.64145e+09
0.000602051 	 6.63068e+09
0.000595947 	 6.69859e+09
0.000599854 	 6.65496e+09
0.000596924 	 6.68763e+09
0.000598145 	 6.67398e+09
0.000594971 	 6.70958e+09
0.000596924 	 6.68763e+09
0.000597168 	 6.68489e+09
0.000602051 	 6.63068e+09
0.000610107 	 6.54312e+09
0.000608887 	 6.55623e+09
0.000611084 	 6.53266e+09
0.000612061 	 6.52224e+09
0.000610107 	 6.54312e+09
0.000609131 	 6.55361e+09
0.000612061 	 6.52224e+09
0.000618164 	 6.45784e+09
0.000616943 	 6.47062e+09
0.000609863 	 6.54574e+09
0.000615967 	 6.48088e+09
0.000611084 	 6.53266e+09
0.000610107 	 6.54312e+09
0.000609131 	 6.55361e+09
0.00060791 	 6.56677e+09
0.000611816 	 6.52484e+09
0.000609863 	 6.54574e+09
0.000608887 	 6.55623e+09
0.000609863 	 6.54574e+09
0.000608887 	 6.55623e+09
0.000610107 	 6.54312e+09
0.00061377 	 6.50408e+09
0.000611084 	 6.53266e+09
0.00061792 	 6.46039e+09
0.000614014 	 6.50149e+09
0.000610107 	 6.54312e+09
0.000608887 	 6.55623e+09
0.000606934 	 6.57733e+09
0.000609863 	 6.54574e+09
0.000608887 	 6.55623e+09
0.000612061 	 6.52224e+09
0.000614014 	 6.50149e+09
0.000609863 	 6.54574e+09
0.000609863 	 6.54574e+09
0.000608887 	 6.55623e+09
0.000609863 	 6.54574e+09
0.000612793 	 6.51444e+09
0.00060791 	 6.56677e+09
0.000608887 	 6.55623e+09
0.000612793 	 6.51444e+09
0.00061084 	 6.53527e+09
0.000608887 	 6.55623e+09
0.00060791 	 6.56677e+09
0.000609863 	 6.54574e+09
0.00061084 	 6.53527e+09
0.000608887 	 6.55623e+09
0.000609131 	 6.55361e+09
0.000613037 	 6.51185e+09
0.00061499 	 6.49117e+09
0.000609131 	 6.55361e+09
0.000608887 	 6.55623e+09
0.00060791 	 6.56677e+09
0.00061084 	 6.53527e+09
0.000616943 	 6.47062e+09
0.000635986 	 6.27687e+09
0.000614014 	 6.50149e+09
0.00062207 	 6.41729e+09
0.000609863 	 6.54574e+09
0.000611084 	 6.53266e+09
0.000611816 	 6.52484e+09
0.000608887 	 6.55623e+09
0.000615967 	 6.48088e+09
0.000609131 	 6.55361e+09
0.000628906 	 6.34753e+09
0.00060791 	 6.56677e+09
0.000608887 	 6.55623e+09
0.000609131 	 6.55361e+09
0.000608154 	 6.56413e+09
0.000609131 	 6.55361e+09
0.00060791 	 6.56677e+09
0.000608887 	 6.55623e+09
0.000672852 	 5.93296e+09
0.000613037 	 6.51185e+09
0.000613037 	 6.51185e+09
0.00061084 	 6.53527e+09
0.00061792 	 6.46039e+09
0.000610107 	 6.54312e+09
0.000609131 	 6.55361e+09
0.000609131 	 6.55361e+09
0.000613037 	 6.51185e+09
0.000609131 	 6.55361e+09
0.000611084 	 6.53266e+09
0.00061499 	 6.49117e+09
0.000608887 	 6.55623e+09
0.000606934 	 6.57733e+09
0.00061792 	 6.46039e+09
0.000611084 	 6.53266e+09
0.00061499 	 6.49117e+09
0.000612061 	 6.52224e+09
0.000619141 	 6.44765e+09
0.000612061 	 6.52224e+09
0.000609131 	 6.55361e+09
0.000609131 	 6.55361e+09
0.000613037 	 6.51185e+09
0.000610107 	 6.54312e+09
0.000614014 	 6.50149e+09
0.000609863 	 6.54574e+09
0.000608887 	 6.55623e+09
0.00061084 	 6.53527e+09
0.000621826 	 6.41981e+09
0.000611816 	 6.52484e+09
0.000609863 	 6.54574e+09
0.000609863 	 6.54574e+09
0.00061499 	 6.49117e+09
0.000608154 	 6.56413e+09
0.000608887 	 6.55623e+09
0.000615967 	 6.48088e+09
0.000609131 	 6.55361e+09
0.000610107 	 6.54312e+09
0.000608154 	 6.56413e+09
0.00061499 	 6.49117e+09
0.000612061 	 6.52224e+09
0.000621826 	 6.41981e+09
0.00061084 	 6.53527e+09
0.000609863 	 6.54574e+09
0.000611816 	 6.52484e+09
0.00060791 	 6.56677e+09
0.00060791 	 6.56677e+09
0.000608154 	 6.56413e+09
0.00063208 	 6.31566e+09
0.000611084 	 6.53266e+09
0.000608154 	 6.56413e+09
0.00060791 	 6.56677e+09
0.000609863 	 6.54574e+09
0.000609863 	 6.54574e+09
0.000613037 	 6.51185e+09
0.000615967 	 6.48088e+09
0.00061377 	 6.50408e+09
0.000614014 	 6.50149e+09
0.000607178 	 6.57469e+09
0.000608887 	 6.55623e+09
0.000612061 	 6.52224e+09
0.000614014 	 6.50149e+09
0.000609131 	 6.55361e+09
0.000610107 	 6.54312e+09
0.000615967 	 6.48088e+09
0.000608887 	 6.55623e+09
0.000610107 	 6.54312e+09
0.000619141 	 6.44765e+09
0.000609131 	 6.55361e+09
0.000610107 	 6.54312e+09
0.000612061 	 6.52224e+09
0.000616211 	 6.47831e+09
0.000613037 	 6.51185e+09
0.000610107 	 6.54312e+09
0.000611084 	 6.53266e+09
0.000609131 	 6.55361e+09
0.000617188 	 6.46806e+09
0.000609863 	 6.54574e+09
0.000608887 	 6.55623e+09
0.000608887 	 6.55623e+09
0.000614014 	 6.50149e+09
0.00060791 	 6.56677e+09
0.000615967 	 6.48088e+09
0.000610107 	 6.54312e+09
0.000608154 	 6.56413e+09
0.000620117 	 6.4375e+09
0.000610107 	 6.54312e+09
0.000609131 	 6.55361e+09
0.000619873 	 6.44003e+09
0.000612061 	 6.52224e+09
0.000612061 	 6.52224e+09
0.000611084 	 6.53266e+09
0.000609131 	 6.55361e+09
0.000610107 	 6.54312e+09
0.000609131 	 6.55361e+09
0.000609863 	 6.54574e+09
0.000614014 	 6.50149e+09
0.000610107 	 6.54312e+09
0.000618164 	 6.45784e+09
0.000633057 	 6.30592e+09
0.000610107 	 6.54312e+09
0.000606934 	 6.57733e+09
0.00060791 	 6.56677e+09
0.00060498 	 6.59857e+09
0.000612061 	 6.52224e+09
0.000605957 	 6.58793e+09
0.00062085 	 6.4299e+09
0.00064209 	 6.2172e+09
0.000621094 	 6.42738e+09
0.00062793 	 6.35741e+09
0.000692871 	 5.76154e+09
0.000662842 	 6.02256e+09
0.000638916 	 6.24809e+09
0.00061499 	 6.49117e+09
0.000610107 	 6.54312e+09
0.000608887 	 6.55623e+09
0.000608887 	 6.55623e+09
0.000611816 	 6.52484e+09
0.000608887 	 6.55623e+09
0.00060791 	 6.56677e+09
0.000614014 	 6.50149e+09
0.000606934 	 6.57733e+09
0.000612793 	 6.51444e+09
0.000608887 	 6.55623e+09
0.000608887 	 6.55623e+09
0.000608887 	 6.55623e+09
0.00061084 	 6.53527e+09
0.00061084 	 6.53527e+09
0.000677002 	 5.89659e+09
0.000612061 	 6.52224e+09
0.000614014 	 6.50149e+09
0.000619873 	 6.44003e+09
0.000615967 	 6.48088e+09
0.000614014 	 6.50149e+09
0.000609863 	 6.54574e+09
0.000608887 	 6.55623e+09
0.000615967 	 6.48088e+09
0.000612061 	 6.52224e+09
0.000608154 	 6.56413e+09
0.000608887 	 6.55623e+09
0.000605957 	 6.58793e+09
0.000606201 	 6.58528e+09
0.00060791 	 6.56677e+09
0.000609863 	 6.54574e+09
0.00061792 	 6.46039e+09
0.000610107 	 6.54312e+09
0.000619141 	 6.44765e+09
0.000609131 	 6.55361e+09
0.000636963 	 6.26725e+09
0.000701904 	 5.68739e+09
0.000663086 	 6.02034e+09
0.000621826 	 6.41981e+09
0.00062085 	 6.4299e+09
0.000612061 	 6.52224e+09
0.000626953 	 6.36731e+09
0.00061792 	 6.46039e+09
0.000611084 	 6.53266e+09
0.000610107 	 6.54312e+09
0.000608887 	 6.55623e+09
0.000611084 	 6.53266e+09
0.00061499 	 6.49117e+09
0.000609863 	 6.54574e+09
0.000608887 	 6.55623e+09
0.00060791 	 6.56677e+09
0.000609131 	 6.55361e+09
0.00061499 	 6.49117e+09
0.000612061 	 6.52224e+09
0.00061499 	 6.49117e+09
0.000615234 	 6.48859e+09
0.000608887 	 6.55623e+09
0.00061084 	 6.53527e+09
0.000613037 	 6.51185e+09
0.000609131 	 6.55361e+09
0.00060791 	 6.56677e+09
0.00060791 	 6.56677e+09
0.000615967 	 6.48088e+09
0.000615967 	 6.48088e+09
0.00061499 	 6.49117e+09
0.000611084 	 6.53266e+09
0.000608154 	 6.56413e+09
0.000608887 	 6.55623e+09
0.000612061 	 6.52224e+09
0.00060791 	 6.56677e+09
0.000621826 	 6.41981e+09
0.000614014 	 6.50149e+09
0.000609131 	 6.55361e+09
0.000608887 	 6.55623e+09
0.000606934 	 6.57733e+09
0.00060791 	 6.56677e+09
0.00061499 	 6.49117e+09
0.000616943 	 6.47062e+09
0.000609863 	 6.54574e+09
0.000621094 	 6.42738e+09
0.000610107 	 6.54312e+09
0.000608154 	 6.56413e+09
0.000605957 	 6.58793e+09
0.000611816 	 6.52484e+09
0.000613037 	 6.51185e+09
0.000609131 	 6.55361e+09
0.000608887 	 6.55623e+09
0.00062085 	 6.4299e+09
0.000608887 	 6.55623e+09
0.00060791 	 6.56677e+09
0.00061499 	 6.49117e+09
0.000611084 	 6.53266e+09
0.000610107 	 6.54312e+09
0.000611084 	 6.53266e+09
0.000611084 	 6.53266e+09
0.000615967 	 6.48088e+09
0.00060791 	 6.56677e+09
0.00061084 	 6.53527e+09
0.000612793 	 6.51444e+09
0.000606934 	 6.57733e+09
0.000606934 	 6.57733e+09
0.000608154 	 6.56413e+09
0.000611084 	 6.53266e+09
0.000613037 	 6.51185e+09
0.000612793 	 6.51444e+09
0.000608887 	 6.55623e+09
0.000608887 	 6.55623e+09
0.000703857 	 5.67161e+09
0.000609863 	 6.54574e+09
0.000610107 	 6.54312e+09
0.000624023 	 6.3972e+09
0.000614014 	 6.50149e+09
0.00061499 	 6.49117e+09
0.00060791 	 6.56677e+09
0.000609131 	 6.55361e+09
0.000609131 	 6.55361e+09
0.000610107 	 6.54312e+09
0.000616943 	 6.47062e+09
0.000609863 	 6.54574e+09
0.000614014 	 6.50149e+09
0.000611084 	 6.53266e+09
0.000610107 	 6.54312e+09
0.000629883 	 6.33769e+09
0.00060791 	 6.56677e+09
0.000608887 	 6.55623e+09
0.000621094 	 6.42738e+09
0.000612793 	 6.51444e+09
0.000614014 	 6.50149e+09
0.000612061 	 6.52224e+09
0.000609131 	 6.55361e+09
0.000610107 	 6.54312e+09
0.000612061 	 6.52224e+09
0.000620117 	 6.4375e+09
0.000610107 	 6.54312e+09
0.000608154 	 6.56413e+09
0.000616943 	 6.47062e+09
0.000609863 	 6.54574e+09
0.000608887 	 6.55623e+09
0.000609131 	 6.55361e+09
0.000609131 	 6.55361e+09
0.000609131 	 6.55361e+09
0.000610107 	 6.54312e+09
0.000610107 	 6.54312e+09
0.000677979 	 5.8881e+09
0.000612793 	 6.51444e+09
0.00061084 	 6.53527e+09
0.00060791 	 6.56677e+09
0.000608887 	 6.55623e+09
0.000609863 	 6.54574e+09
0.000622803 	 6.40974e+09
0.000608887 	 6.55623e+09
0.00061499 	 6.49117e+09
0.000608154 	 6.56413e+09
0.000609131 	 6.55361e+09
0.000608887 	 6.55623e+09
0.00061499 	 6.49117e+09
0.000608154 	 6.56413e+09
0.00060791 	 6.56677e+09
0.000608887 	 6.55623e+09
0.00061792 	 6.46039e+09
0.000609131 	 6.55361e+09
0.000611084 	 6.53266e+09
0.000609131 	 6.55361e+09
0.000609131 	 6.55361e+09
0.000613037 	 6.51185e+09
0.000613037 	 6.51185e+09
0.000608887 	 6.55623e+09
0.000620117 	 6.4375e+09
0.000610107 	 6.54312e+09
0.000611084 	 6.53266e+09
0.000611084 	 6.53266e+09
0.000610107 	 6.54312e+09
0.000611084 	 6.53266e+09
0.000616211 	 6.47831e+09
0.000614014 	 6.50149e+09
0.000613037 	 6.51185e+09
0.000609863 	 6.54574e+09
0.00061084 	 6.53527e+09
0.000609863 	 6.54574e+09
0.00062085 	 6.4299e+09
0.000608887 	 6.55623e+09
0.000609863 	 6.54574e+09
0.000610107 	 6.54312e+09
0.000618164 	 6.45784e+09
0.000610107 	 6.54312e+09
0.000609131 	 6.55361e+09
0.000613037 	 6.51185e+09
0.000614014 	 6.50149e+09
0.000608887 	 6.55623e+09
0.000610107 	 6.54312e+09
0.000611084 	 6.53266e+09
0.000620117 	 6.4375e+09
0.000609131 	 6.55361e+09
0.000609131 	 6.55361e+09
0.000612061 	 6.52224e+09
0.000609131 	 6.55361e+09
0.000612061 	 6.52224e+09
0.000608154 	 6.56413e+09
0.000611084 	 6.53266e+09
0.000613037 	 6.51185e+09
0.000609131 	 6.55361e+09
0.000613037 	 6.51185e+09
0.000614014 	 6.50149e+09
0.000609863 	 6.54574e+09
0.000624023 	 6.3972e+09
0.00060791 	 6.56677e+09
0.000613037 	 6.51185e+09
0.000623047 	 6.40723e+09
0.000608154 	 6.56413e+09
0.000609131 	 6.55361e+09
0.000608887 	 6.55623e+09
0.000608887 	 6.55623e+09
0.000609863 	 6.54574e+09
0.00060791 	 6.56677e+09
0.000612793 	 6.51444e+09
0.000612061 	 6.52224e+09
0.00060791 	 6.56677e+09
0.000608887 	 6.55623e+09
0.00060791 	 6.56677e+09
0.000608154 	 6.56413e+09
0.000610107 	 6.54312e+09
0.000608887 	 6.55623e+09
0.000608887 	 6.55623e+09
0.000611816 	 6.52484e+09
0.00060791 	 6.56677e+09
0.00061084 	 6.53527e+09
0.00061084 	 6.53527e+09
0.000608887 	 6.55623e+09
0.000609863 	 6.54574e+09
0.00060791 	 6.56677e+09
0.000610107 	 6.54312e+09
0.000619141 	 6.44765e+09
0.000624023 	 6.3972e+09
0.00062085 	 6.4299e+09
0.000609863 	 6.54574e+09
0.00061084 	 6.53527e+09
0.000608887 	 6.55623e+09
0.000609863 	 6.54574e+09
0.000625 	 6.38721e+09
0.000615967 	 6.48088e+09
0.000618896 	 6.4502e+09
0.00060791 	 6.56677e+09
0.000608154 	 6.56413e+09
0.000607178 	 6.57469e+09
0.000606934 	 6.57733e+09
0.00060791 	 6.56677e+09
0.000608154 	 6.56413e+09
Total executing time: 0.667397
so for every run thats: 0.000667397
done; releasinng kernel now
Testoutput: this should be constant with different iterations!: 0.000667397
we had: 3992004 single Stencil calculations
this makes: 
5.98145e+09 SPS (Stencils Per Second)
5.98145e+06 KSPS (Kilo Stencils Per Second)
5981.45 MSPS (Mega Stencils Per Second) 
5.98145 GSPS (Giga Stencils Per Second) 

Finisched!

Total time: 0.765709
Summery times: 
Build Program: 0.058217
Set Kernel Args: 0.00673413
Kernel executon: 0.667397
Get output back to host memory: 0.026376
Releasing everything: 0.00698511
